PSS_Reactant (%): 34.4419803843207
PSS_Product (%): 65.55801961567929
QY_AB_opt: 0.4996735922518873
QY_BA_opt: 0.4779751060960247
error_QY_AB: 0.0055859523824901
error_QY_BA: 0.006837278932594726
