PSS_Reactant (%): 0.35077691338462813
PSS_Product (%): 99.6492230866154
QY_AB_opt: 0.9999999927908991
QY_BA_opt: 2.004718613335399e-11
error_QY_AB: 0.0013800589098731386
error_QY_BA: 0.019756838852510783
