PSS_Reactant (%): 0.34564822035779474
PSS_Product (%): 99.65435177964225
QY_AB_opt: 0.9999999927908991
QY_BA_opt: 2.004718613335399e-11
error_QY_AB: 0.0013276597556869385
error_QY_BA: 0.04795667613134185
